实验要求
  利用交错级数计算ln(2)，感受截断误差和舍入误差

实验内容与分析
  ln(2)的准确值是0.693147182
  如果n>200000，理论上可使误差<0.5*10^-5．但实际上算得0.693136096，误差约为10^-5
  如果n>2000000，理论上可使误差<0.5*10^-6．但实际上算得0.693137467，误差约为0.9*10^-5
  由此可见，实际上使用单精度不能达到误差要求．原因是单精度只有23位精度位，精度约为10^-6或10^-7，在此例中恰好不能精确计算
  还试用了使用double代替float，误差分别为0.2*10^-5和0.2*10^-6．满足要求．可见使用float是精度不能满足要求的原因．
  之后仔细的追踪了输出如下，输出是分别对奇数和偶数，每隔5000输出误差确值．仔细观察可知在n=65000左右时，原本应当为正的奇数项误差也变为负数．事实上确实在65000左右误差取得过一个极小值，这个误差满足了题目的要求，但显然是误差的巧合．而不是确值．
1 0.306852818
5000 -0.000102580
5001 0.000097394
10000 -0.000055492
10001 0.000044525
15000 -0.000039399
15001 0.000027239
20000 -0.000031650
20001 0.000018358
25000 -0.000027716
25001 0.000012279
30000 -0.000024080
30001 0.000009239
35000 -0.000021517
35001 0.000007033
40000 -0.000019670
40001 0.000005305
45000 -0.000018656
45001 0.000003576
50000 -0.000017822
50001 0.000002205
55000 -0.000016868
55001 0.000001311
60000 -0.000016093
60001 0.000000596
65000 -0.000015318
65001 0.000000060
70000 -0.000015080
70001 -0.000000775
75000 -0.000014603
75001 -0.000001252
80000 -0.000014007
80001 -0.000001490
85000 -0.000013709
85001 -0.000001967
90000 -0.000013471
90001 -0.000002384
95000 -0.000013232
95001 -0.000002682
100000 -0.000013113

实验收获
  更好的理解了float的精度极限，并且更好的有了误差的意识．
