1 0.306852818
5000 -0.000102580
5001 0.000097394
10000 -0.000055492
10001 0.000044525
15000 -0.000039399
15001 0.000027239
20000 -0.000031650
20001 0.000018358
25000 -0.000027716
25001 0.000012279
30000 -0.000024080
30001 0.000009239
35000 -0.000021517
35001 0.000007033
40000 -0.000019670
40001 0.000005305
45000 -0.000018656
45001 0.000003576
50000 -0.000017822
50001 0.000002205
55000 -0.000016868
55001 0.000001311
60000 -0.000016093
60001 0.000000596
65000 -0.000015318
65001 0.000000060
70000 -0.000015080
70001 -0.000000775
75000 -0.000014603
75001 -0.000001252
80000 -0.000014007
80001 -0.000001490
85000 -0.000013709
85001 -0.000001967
90000 -0.000013471
90001 -0.000002384
95000 -0.000013232
95001 -0.000002682
100000 -0.000013113
100001 -0.000003099
105000 -0.000012994
105001 -0.000003457
110000 -0.000012875
110001 -0.000003755
115000 -0.000012755
115001 -0.000004053
120000 -0.000012636
120001 -0.000004292
125000 -0.000012457
125001 -0.000004470
130000 -0.000012279
130001 -0.000004590
135000 -0.000012219
135001 -0.000004828
140000 -0.000012159
140001 -0.000005007
145000 -0.000012040
145001 -0.000005126
150000 -0.000011921
150001 -0.000005245
155000 -0.000011921
155001 -0.000005484
160000 -0.000011802
160001 -0.000005543
165000 -0.000011742
165001 -0.000005662
170000 -0.000011623
170001 -0.000005722
175000 -0.000011504
175001 -0.000005782
180000 -0.000011384
180001 -0.000005841
185000 -0.000011265
185001 -0.000005841
190000 -0.000011146
190001 -0.000005901
195000 -0.000011086
195001 -0.000005960
200000 -0.000011086
0.693136096
1 0.306852818
5000 -0.000102580
5001 0.000097394
10000 -0.000055492
10001 0.000044525
15000 -0.000039399
15001 0.000027239
20000 -0.000031650
20001 0.000018358
25000 -0.000027716
25001 0.000012279
30000 -0.000024080
30001 0.000009239
35000 -0.000021517
35001 0.000007033
40000 -0.000019670
40001 0.000005305
45000 -0.000018656
45001 0.000003576
50000 -0.000017822
50001 0.000002205
55000 -0.000016868
55001 0.000001311
60000 -0.000016093
60001 0.000000596
65000 -0.000015318
65001 0.000000060
70000 -0.000015080
70001 -0.000000775
75000 -0.000014603
75001 -0.000001252
80000 -0.000014007
80001 -0.000001490
85000 -0.000013709
85001 -0.000001967
90000 -0.000013471
90001 -0.000002384
95000 -0.000013232
95001 -0.000002682
100000 -0.000013113
100001 -0.000003099
105000 -0.000012994
105001 -0.000003457
110000 -0.000012875
110001 -0.000003755
115000 -0.000012755
115001 -0.000004053
120000 -0.000012636
120001 -0.000004292
125000 -0.000012457
125001 -0.000004470
130000 -0.000012279
130001 -0.000004590
135000 -0.000012219
135001 -0.000004828
140000 -0.000012159
140001 -0.000005007
145000 -0.000012040
145001 -0.000005126
150000 -0.000011921
150001 -0.000005245
155000 -0.000011921
155001 -0.000005484
160000 -0.000011802
160001 -0.000005543
165000 -0.000011742
165001 -0.000005662
170000 -0.000011623
170001 -0.000005722
175000 -0.000011504
175001 -0.000005782
180000 -0.000011384
180001 -0.000005841
185000 -0.000011265
185001 -0.000005841
190000 -0.000011146
190001 -0.000005901
195000 -0.000011086
195001 -0.000005960
200000 -0.000011086
200001 -0.000006080
205000 -0.000011086
205001 -0.000006199
210000 -0.000011027
210001 -0.000006258
215000 -0.000011027
215001 -0.000006378
220000 -0.000011027
220001 -0.000006497
225000 -0.000011027
225001 -0.000006557
230000 -0.000010908
230001 -0.000006557
235000 -0.000010848
235001 -0.000006616
240000 -0.000010848
240001 -0.000006676
245000 -0.000010848
245001 -0.000006795
250000 -0.000010788
250001 -0.000006795
255000 -0.000010788
255001 -0.000006855
260000 -0.000010788
260001 -0.000006914
265000 -0.000010729
265001 -0.000006974
270000 -0.000010669
270001 -0.000006974
275000 -0.000010669
275001 -0.000007033
280000 -0.000010610
280001 -0.000007033
285000 -0.000010610
285001 -0.000007093
290000 -0.000010610
290001 -0.000007153
295000 -0.000010550
295001 -0.000007153
300000 -0.000010490
300001 -0.000007153
305000 -0.000010490
305001 -0.000007212
310000 -0.000010490
310001 -0.000007272
315000 -0.000010490
315001 -0.000007331
320000 -0.000010490
320001 -0.000007391
325000 -0.000010490
325001 -0.000007391
330000 -0.000010431
330001 -0.000007391
335000 -0.000010431
335001 -0.000007451
340000 -0.000010371
340001 -0.000007451
345000 -0.000010371
345001 -0.000007451
350000 -0.000010312
350001 -0.000007451
355000 -0.000010312
355001 -0.000007510
360000 -0.000010312
360001 -0.000007510
365000 -0.000010312
365001 -0.000007570
370000 -0.000010312
370001 -0.000007629
375000 -0.000010312
375001 -0.000007629
380000 -0.000010312
380001 -0.000007689
385000 -0.000010312
385001 -0.000007689
390000 -0.000010252
390001 -0.000007689
395000 -0.000010252
395001 -0.000007749
400000 -0.000010252
400001 -0.000007749
405000 -0.000010252
405001 -0.000007808
410000 -0.000010252
410001 -0.000007808
415000 -0.000010252
415001 -0.000007868
420000 -0.000010252
420001 -0.000007868
425000 -0.000010192
425001 -0.000007868
430000 -0.000010192
430001 -0.000007868
435000 -0.000010192
435001 -0.000007868
440000 -0.000010133
440001 -0.000007868
445000 -0.000010133
445001 -0.000007868
450000 -0.000010133
450001 -0.000007927
455000 -0.000010133
455001 -0.000007927
460000 -0.000010073
460001 -0.000007927
465000 -0.000010073
465001 -0.000007927
470000 -0.000010073
470001 -0.000007927
475000 -0.000010014
475001 -0.000007927
480000 -0.000010014
480001 -0.000007927
485000 -0.000010014
485001 -0.000007927
490000 -0.000010014
490001 -0.000007987
495000 -0.000010014
495001 -0.000007987
500000 -0.000010014
500001 -0.000007987
505000 -0.000010014
505001 -0.000008047
510000 -0.000010014
510001 -0.000008047
515000 -0.000010014
515001 -0.000008047
520000 -0.000010014
520001 -0.000008106
525000 -0.000010014
525001 -0.000008106
530000 -0.000010014
530001 -0.000008106
535000 -0.000010014
535001 -0.000008166
540000 -0.000010014
540001 -0.000008166
545000 -0.000010014
545001 -0.000008166
550000 -0.000010014
550001 -0.000008166
555000 -0.000010014
555001 -0.000008225
560000 -0.000010014
560001 -0.000008225
565000 -0.000010014
565001 -0.000008225
570000 -0.000009954
570001 -0.000008225
575000 -0.000009954
575001 -0.000008225
580000 -0.000009954
580001 -0.000008225
585000 -0.000009954
585001 -0.000008225
590000 -0.000009954
590001 -0.000008285
595000 -0.000009954
595001 -0.000008285
600000 -0.000009954
600001 -0.000008285
605000 -0.000009954
605001 -0.000008285
610000 -0.000009954
610001 -0.000008285
615000 -0.000009954
615001 -0.000008345
620000 -0.000009954
620001 -0.000008345
625000 -0.000009954
625001 -0.000008345
630000 -0.000009954
630001 -0.000008345
635000 -0.000009954
635001 -0.000008404
640000 -0.000009954
640001 -0.000008404
645000 -0.000009954
645001 -0.000008404
650000 -0.000009954
650001 -0.000008404
655000 -0.000009954
655001 -0.000008404
660000 -0.000009954
660001 -0.000008464
665000 -0.000009954
665001 -0.000008464
670000 -0.000009954
670001 -0.000008464
675000 -0.000009954
675001 -0.000008464
680000 -0.000009954
680001 -0.000008464
685000 -0.000009954
685001 -0.000008523
690000 -0.000009954
690001 -0.000008523
695000 -0.000009954
695001 -0.000008523
700000 -0.000009954
700001 -0.000008523
705000 -0.000009954
705001 -0.000008523
710000 -0.000009954
710001 -0.000008523
715000 -0.000009954
715001 -0.000008583
720000 -0.000009954
720001 -0.000008583
725000 -0.000009954
725001 -0.000008583
730000 -0.000009954
730001 -0.000008583
735000 -0.000009954
735001 -0.000008583
740000 -0.000009954
740001 -0.000008583
745000 -0.000009954
745001 -0.000008583
750000 -0.000009954
750001 -0.000008643
755000 -0.000009954
755001 -0.000008643
760000 -0.000009954
760001 -0.000008643
765000 -0.000009954
765001 -0.000008643
770000 -0.000009954
770001 -0.000008643
775000 -0.000009954
775001 -0.000008643
780000 -0.000009954
780001 -0.000008643
785000 -0.000009894
785001 -0.000008643
790000 -0.000009894
790001 -0.000008643
795000 -0.000009894
795001 -0.000008643
800000 -0.000009894
800001 -0.000008643
805000 -0.000009894
805001 -0.000008643
810000 -0.000009894
810001 -0.000008643
815000 -0.000009894
815001 -0.000008643
820000 -0.000009894
820001 -0.000008702
825000 -0.000009894
825001 -0.000008702
830000 -0.000009894
830001 -0.000008702
835000 -0.000009894
835001 -0.000008702
840000 -0.000009894
840001 -0.000008702
845000 -0.000009894
845001 -0.000008702
850000 -0.000009894
850001 -0.000008702
855000 -0.000009894
855001 -0.000008702
860000 -0.000009894
860001 -0.000008702
865000 -0.000009894
865001 -0.000008762
870000 -0.000009894
870001 -0.000008762
875000 -0.000009894
875001 -0.000008762
880000 -0.000009894
880001 -0.000008762
885000 -0.000009894
885001 -0.000008762
890000 -0.000009894
890001 -0.000008762
895000 -0.000009894
895001 -0.000008762
900000 -0.000009894
900001 -0.000008762
905000 -0.000009894
905001 -0.000008762
910000 -0.000009894
910001 -0.000008821
915000 -0.000009894
915001 -0.000008821
920000 -0.000009894
920001 -0.000008821
925000 -0.000009894
925001 -0.000008821
930000 -0.000009894
930001 -0.000008821
935000 -0.000009894
935001 -0.000008821
940000 -0.000009894
940001 -0.000008821
945000 -0.000009894
945001 -0.000008821
950000 -0.000009894
950001 -0.000008821
955000 -0.000009894
955001 -0.000008821
960000 -0.000009894
960001 -0.000008881
965000 -0.000009894
965001 -0.000008881
970000 -0.000009894
970001 -0.000008881
975000 -0.000009894
975001 -0.000008881
980000 -0.000009894
980001 -0.000008881
985000 -0.000009894
985001 -0.000008881
990000 -0.000009894
990001 -0.000008881
995000 -0.000009894
995001 -0.000008881
1000000 -0.000009894
1000001 -0.000008881
1005000 -0.000009894
1005001 -0.000008881
1010000 -0.000009894
1010001 -0.000008881
1015000 -0.000009894
1015001 -0.000008881
1020000 -0.000009894
1020001 -0.000008941
1025000 -0.000009894
1025001 -0.000008941
1030000 -0.000009894
1030001 -0.000008941
1035000 -0.000009894
1035001 -0.000008941
1040000 -0.000009894
1040001 -0.000008941
1045000 -0.000009894
1045001 -0.000008941
1050000 -0.000009894
1050001 -0.000008941
1055000 -0.000009894
1055001 -0.000008941
1060000 -0.000009894
1060001 -0.000008941
1065000 -0.000009894
1065001 -0.000008941
1070000 -0.000009894
1070001 -0.000008941
1075000 -0.000009894
1075001 -0.000008941
1080000 -0.000009894
1080001 -0.000008941
1085000 -0.000009835
1085001 -0.000008941
1090000 -0.000009835
1090001 -0.000008941
1095000 -0.000009835
1095001 -0.000008941
1100000 -0.000009835
1100001 -0.000008941
1105000 -0.000009835
1105001 -0.000008941
1110000 -0.000009835
1110001 -0.000008941
1115000 -0.000009835
1115001 -0.000008941
1120000 -0.000009835
1120001 -0.000008941
1125000 -0.000009835
1125001 -0.000008941
1130000 -0.000009835
1130001 -0.000008941
1135000 -0.000009835
1135001 -0.000008941
1140000 -0.000009835
1140001 -0.000008941
1145000 -0.000009835
1145001 -0.000008941
1150000 -0.000009835
1150001 -0.000008941
1155000 -0.000009835
1155001 -0.000008941
1160000 -0.000009775
1160001 -0.000008941
1165000 -0.000009775
1165001 -0.000008941
1170000 -0.000009775
1170001 -0.000008941
1175000 -0.000009775
1175001 -0.000008941
1180000 -0.000009775
1180001 -0.000008941
1185000 -0.000009775
1185001 -0.000008941
1190000 -0.000009775
1190001 -0.000008941
1195000 -0.000009775
1195001 -0.000008941
1200000 -0.000009775
1200001 -0.000008941
1205000 -0.000009775
1205001 -0.000008941
1210000 -0.000009775
1210001 -0.000008941
1215000 -0.000009775
1215001 -0.000008941
1220000 -0.000009775
1220001 -0.000008941
1225000 -0.000009775
1225001 -0.000008941
1230000 -0.000009775
1230001 -0.000008941
1235000 -0.000009775
1235001 -0.000008941
1240000 -0.000009775
1240001 -0.000008941
1245000 -0.000009775
1245001 -0.000009000
1250000 -0.000009775
1250001 -0.000009000
1255000 -0.000009775
1255001 -0.000009000
1260000 -0.000009775
1260001 -0.000009000
1265000 -0.000009775
1265001 -0.000009000
1270000 -0.000009775
1270001 -0.000009000
1275000 -0.000009775
1275001 -0.000009000
1280000 -0.000009775
1280001 -0.000009000
1285000 -0.000009775
1285001 -0.000009000
1290000 -0.000009775
1290001 -0.000009000
1295000 -0.000009775
1295001 -0.000009000
1300000 -0.000009775
1300001 -0.000009000
1305000 -0.000009775
1305001 -0.000009000
1310000 -0.000009775
1310001 -0.000009000
1315000 -0.000009775
1315001 -0.000009000
1320000 -0.000009775
1320001 -0.000009000
1325000 -0.000009775
1325001 -0.000009000
1330000 -0.000009775
1330001 -0.000009000
1335000 -0.000009775
1335001 -0.000009000
1340000 -0.000009775
1340001 -0.000009000
1345000 -0.000009716
1345001 -0.000009000
1350000 -0.000009716
1350001 -0.000009000
1355000 -0.000009716
1355001 -0.000009000
1360000 -0.000009716
1360001 -0.000009000
1365000 -0.000009716
1365001 -0.000009000
1370000 -0.000009716
1370001 -0.000009000
1375000 -0.000009716
1375001 -0.000009000
1380000 -0.000009716
1380001 -0.000009000
1385000 -0.000009716
1385001 -0.000009000
1390000 -0.000009716
1390001 -0.000009000
1395000 -0.000009716
1395001 -0.000009000
1400000 -0.000009716
1400001 -0.000009000
1405000 -0.000009716
1405001 -0.000009000
1410000 -0.000009716
1410001 -0.000009000
1415000 -0.000009716
1415001 -0.000009000
1420000 -0.000009716
1420001 -0.000009000
1425000 -0.000009716
1425001 -0.000009000
1430000 -0.000009716
1430001 -0.000009000
1435000 -0.000009716
1435001 -0.000009000
1440000 -0.000009716
1440001 -0.000009000
1445000 -0.000009716
1445001 -0.000009000
1450000 -0.000009716
1450001 -0.000009000
1455000 -0.000009716
1455001 -0.000009000
1460000 -0.000009716
1460001 -0.000009060
1465000 -0.000009716
1465001 -0.000009060
1470000 -0.000009716
1470001 -0.000009060
1475000 -0.000009716
1475001 -0.000009060
1480000 -0.000009716
1480001 -0.000009060
1485000 -0.000009716
1485001 -0.000009060
1490000 -0.000009716
1490001 -0.000009060
1495000 -0.000009716
1495001 -0.000009060
1500000 -0.000009716
1500001 -0.000009060
1505000 -0.000009716
1505001 -0.000009060
1510000 -0.000009716
1510001 -0.000009060
1515000 -0.000009716
1515001 -0.000009060
1520000 -0.000009716
1520001 -0.000009060
1525000 -0.000009716
1525001 -0.000009060
1530000 -0.000009716
1530001 -0.000009060
1535000 -0.000009716
1535001 -0.000009060
1540000 -0.000009716
1540001 -0.000009060
1545000 -0.000009716
1545001 -0.000009060
1550000 -0.000009716
1550001 -0.000009060
1555000 -0.000009716
1555001 -0.000009060
1560000 -0.000009716
1560001 -0.000009060
1565000 -0.000009716
1565001 -0.000009060
1570000 -0.000009716
1570001 -0.000009060
1575000 -0.000009716
1575001 -0.000009060
1580000 -0.000009716
1580001 -0.000009060
1585000 -0.000009716
1585001 -0.000009060
1590000 -0.000009716
1590001 -0.000009060
1595000 -0.000009716
1595001 -0.000009060
1600000 -0.000009716
1600001 -0.000009120
1605000 -0.000009716
1605001 -0.000009120
1610000 -0.000009716
1610001 -0.000009120
1615000 -0.000009716
1615001 -0.000009120
1620000 -0.000009716
1620001 -0.000009120
1625000 -0.000009716
1625001 -0.000009120
1630000 -0.000009716
1630001 -0.000009120
1635000 -0.000009716
1635001 -0.000009120
1640000 -0.000009716
1640001 -0.000009120
1645000 -0.000009716
1645001 -0.000009120
1650000 -0.000009716
1650001 -0.000009120
1655000 -0.000009716
1655001 -0.000009120
1660000 -0.000009716
1660001 -0.000009120
1665000 -0.000009716
1665001 -0.000009120
1670000 -0.000009716
1670001 -0.000009120
1675000 -0.000009716
1675001 -0.000009120
1680000 -0.000009716
1680001 -0.000009120
1685000 -0.000009716
1685001 -0.000009120
1690000 -0.000009716
1690001 -0.000009120
1695000 -0.000009716
1695001 -0.000009120
1700000 -0.000009716
1700001 -0.000009120
1705000 -0.000009716
1705001 -0.000009120
1710000 -0.000009716
1710001 -0.000009120
1715000 -0.000009716
1715001 -0.000009120
1720000 -0.000009716
1720001 -0.000009120
1725000 -0.000009716
1725001 -0.000009120
1730000 -0.000009716
1730001 -0.000009120
1735000 -0.000009716
1735001 -0.000009120
1740000 -0.000009716
1740001 -0.000009120
1745000 -0.000009716
1745001 -0.000009120
1750000 -0.000009716
1750001 -0.000009120
1755000 -0.000009716
1755001 -0.000009120
1760000 -0.000009716
1760001 -0.000009120
1765000 -0.000009716
1765001 -0.000009120
1770000 -0.000009716
1770001 -0.000009179
1775000 -0.000009716
1775001 -0.000009179
1780000 -0.000009716
1780001 -0.000009179
1785000 -0.000009716
1785001 -0.000009179
1790000 -0.000009716
1790001 -0.000009179
1795000 -0.000009716
1795001 -0.000009179
1800000 -0.000009716
1800001 -0.000009179
1805000 -0.000009716
1805001 -0.000009179
1810000 -0.000009716
1810001 -0.000009179
1815000 -0.000009716
1815001 -0.000009179
1820000 -0.000009716
1820001 -0.000009179
1825000 -0.000009716
1825001 -0.000009179
1830000 -0.000009716
1830001 -0.000009179
1835000 -0.000009716
1835001 -0.000009179
1840000 -0.000009716
1840001 -0.000009179
1845000 -0.000009716
1845001 -0.000009179
1850000 -0.000009716
1850001 -0.000009179
1855000 -0.000009716
1855001 -0.000009179
1860000 -0.000009716
1860001 -0.000009179
1865000 -0.000009716
1865001 -0.000009179
1870000 -0.000009716
1870001 -0.000009179
1875000 -0.000009716
1875001 -0.000009179
1880000 -0.000009716
1880001 -0.000009179
1885000 -0.000009716
1885001 -0.000009179
1890000 -0.000009716
1890001 -0.000009179
1895000 -0.000009716
1895001 -0.000009179
1900000 -0.000009716
1900001 -0.000009179
1905000 -0.000009716
1905001 -0.000009179
1910000 -0.000009716
1910001 -0.000009179
1915000 -0.000009716
1915001 -0.000009179
1920000 -0.000009716
1920001 -0.000009179
1925000 -0.000009716
1925001 -0.000009179
1930000 -0.000009716
1930001 -0.000009179
1935000 -0.000009716
1935001 -0.000009179
1940000 -0.000009716
1940001 -0.000009179
1945000 -0.000009716
1945001 -0.000009179
1950000 -0.000009716
1950001 -0.000009179
1955000 -0.000009716
1955001 -0.000009179
1960000 -0.000009716
1960001 -0.000009179
1965000 -0.000009716
1965001 -0.000009179
1970000 -0.000009716
1970001 -0.000009179
1975000 -0.000009716
1975001 -0.000009239
1980000 -0.000009716
1980001 -0.000009239
1985000 -0.000009716
1985001 -0.000009239
1990000 -0.000009716
1990001 -0.000009239
1995000 -0.000009716
1995001 -0.000009239
2000000 -0.000009716
0.693137467
